AOC1-BH5 (16.00 - 16.50) 1-1A 16.35 3270. 3170. 35.6 2.66 8.3 0.9 9.2
AOC1-BH5 (16.50 - 17.00) 1-2A 16.55 25900. 25500. 38.4 2.64 8.5 2.5 11.0
AOC1-BH5 (17.00 - 17.50) 1-3A 17.20 2680. 2590. 32.8 2.61 50.9 1.3 52.2
AOC1-BH5 (17.00 - 17.50) 1-3AV 17.50 74.9 65.7 34.1 2.62 61.3 0.9 62.2
AOC5-BH9 (16.00 - 16.50) 2-1A 16.20 12100. 11900. 35.9 2.63 77.3 1.1 78.5
AOC5-BH9 (16.50 - 17.00) 2-2A 16.65 19.4 16.2 32.6 2.65 96.7 0.0 96.7
AOC2-BH5 (15.50 - 16.00) 3-1A 15.75 1640. 1570. 32.9 2.63 79.4 0.0 79.4
AOC2-BH5 (16.00 - 16.50) 3-2A 16.15 535. 501. 30.9 2.64 70.7 0.0 70.7
AOC5-BH6 (11.25 - 11.75) 4-1A 11.40 2230. 2150. 36.4 2.62 12.5 10.7 23.2
AOC6-BH3 (10.50 - 11.00) 5-1A 10.65 2780. 2690. 38.9 2.62 15.1 1.6 16.6
AOC6-BH2 (15.00 - 15.50) 5-2A 15.20 719. 679. 34.3 2.61 29.8 2.7 32.5